Original Matrix
3.00000  -2.00000  5.00000  0.00000  |  2.00000  
4.00000  5.00000  8.00000  1.00000  |  4.00000  
1.00000  1.00000  2.00000  1.00000  |  5.00000  
2.00000  7.00000  6.00000  5.00000  |  7.00000  
-------------------------------------------------------------------
Step 1
4.00000  5.00000  8.00000  1.00000  |  4.00000  
0.00000  -5.75000  -1.00000  -0.75000  |  -1.00000  
1.00000  1.00000  2.00000  1.00000  |  5.00000  
2.00000  7.00000  6.00000  5.00000  |  7.00000  
-------------------------------------------------------------------
Step 2
4.00000  5.00000  8.00000  1.00000  |  4.00000  
0.00000  -5.75000  -1.00000  -0.75000  |  -1.00000  
0.00000  -0.25000  0.00000  0.75000  |  4.00000  
2.00000  7.00000  6.00000  5.00000  |  7.00000  
-------------------------------------------------------------------
Step 3
4.00000  5.00000  8.00000  1.00000  |  4.00000  
0.00000  -5.75000  -1.00000  -0.75000  |  -1.00000  
0.00000  -0.25000  0.00000  0.75000  |  4.00000  
0.00000  4.50000  2.00000  4.50000  |  5.00000  
-------------------------------------------------------------------
Step 4
4.00000  5.00000  8.00000  1.00000  |  4.00000  
0.00000  -5.75000  -1.00000  -0.75000  |  -1.00000  
0.00000  0.00000  0.04348  0.78261  |  4.04348  
0.00000  4.50000  2.00000  4.50000  |  5.00000  
-------------------------------------------------------------------
Step 5
4.00000  5.00000  8.00000  1.00000  |  4.00000  
0.00000  -5.75000  -1.00000  -0.75000  |  -1.00000  
0.00000  0.00000  0.04348  0.78261  |  4.04348  
0.00000  0.00000  1.21739  3.91304  |  4.21739  
-------------------------------------------------------------------
Step 6
4.00000  5.00000  8.00000  1.00000  |  4.00000  
0.00000  -5.75000  -1.00000  -0.75000  |  -1.00000  
0.00000  0.00000  1.21739  3.91304  |  4.21739  
0.00000  0.00000  0.00000  0.64286  |  3.89286  
-------------------------------------------------------------------
Solutions
28.77778
2.16667
-16.00000
6.05556
