Original Matrix
10.00000  2.00000  -1.00000  |  27.00000  
-3.00000  -6.00000  2.00000  |  -61.50000  
1.00000  1.00000  5.00000  |  -21.50000  
-------------------------------------------------------------------
Step 1
10.00000  2.00000  -1.00000  |  27.00000  
0.00000  -5.40000  1.70000  |  -53.40000  
1.00000  1.00000  5.00000  |  -21.50000  
-------------------------------------------------------------------
Step 2
10.00000  2.00000  -1.00000  |  27.00000  
0.00000  -5.40000  1.70000  |  -53.40000  
0.00000  0.80000  5.10000  |  -24.20000  
-------------------------------------------------------------------
Step 3
10.00000  2.00000  -1.00000  |  27.00000  
0.00000  -5.40000  1.70000  |  -53.40000  
0.00000  0.00000  5.35185  |  -32.11111  
-------------------------------------------------------------------
Step 4
10.00000  0.00000  -0.37037  |  7.22222  
0.00000  -5.40000  1.70000  |  -53.40000  
0.00000  0.00000  5.35185  |  -32.11111  
-------------------------------------------------------------------
Step 5
10.00000  0.00000  -0.37037  |  7.22222  
0.00000  -5.40000  0.00000  |  -43.20000  
0.00000  0.00000  5.35185  |  -32.11111  
-------------------------------------------------------------------
Step 6
10.00000  0.00000  0.00000  |  5.00000  
0.00000  -5.40000  0.00000  |  -43.20000  
0.00000  0.00000  5.35185  |  -32.11111  
-------------------------------------------------------------------
Solutions
0.50000
8.00000
-6.00000
